  375.00
  371.00
  373.00
  372.00
  372.00
  371.00
  370.00
  371.00
  370.00
  370.00
  371.00
  371.00
  372.00
  373.00
  371.00
  371.00
  371.00
  370.00
  371.00
  391.00
  374.00
  383.00
  370.00
  372.00
  371.00
  371.00
  375.00
  372.00
  378.00
  372.00
  370.00
  372.00
  369.00
  372.00
  378.00
  373.00
  371.00
  374.00
  370.00
  372.00
  370.00
  377.00
  373.00
  370.00
  377.00
  373.00
  377.00
  374.00
  370.00
  370.00
  372.00
  369.00
  369.00
  373.00
  375.00
  370.00
  373.00
  370.00
  374.00
  369.00
  370.00
  372.00
  369.00
  370.00
  372.00
  373.00
  373.00
  369.00
  379.00
  383.00
  375.00
  368.00
  371.00
  377.00
  376.00
  369.00
  368.00
  373.00
  390.00
  369.00
  376.00
  379.00
  388.00
  370.00
  369.00
  372.00
  369.00
  369.00
  372.00
  369.00
  371.00
  372.00
  370.00
  373.00
  369.00
  394.00
  372.00
  379.00
  373.00
  373.00
